>> ReconstructionImage

q =

        3656


p =

        2560

Décomposition en valeurs singulières
Elapsed time is 7.787523 seconds.
Taille de la matrice M : 2560 x 2560

Méthode 1: eig 
Elapsed time is 8.432667 seconds.
Reconstruction avec eig

Méthode 2: Power Method avec deflation
Valeur propre 1: 379462849239.582092 (convergence en 5 itérations)
Valeur propre 2: 2144560665.491815 (convergence en 40 itérations)
Valeur propre 3: 1348080993.069249 (convergence en 70 itérations)
Valeur propre 4: 1074876921.422063 (convergence en 129 itérations)
Valeur propre 5: 937570602.953798 (convergence en 78 itérations)
Valeur propre 6: 764617195.186066 (convergence en 730 itérations)
Valeur propre 7: 749595474.134521 (convergence en 1766 itérations)
Valeur propre 8: 742512866.028284 (convergence en 67 itérations)
Valeur propre 9: 579379257.572916 (convergence en 150 itérations)
Valeur propre 10: 522721879.627703 (convergence en 392 itérations)
Valeur propre 11: 501539746.982277 (convergence en 262 itérations)
Valeur propre 12: 475232562.623692 (convergence en 146 itérations)
Valeur propre 13: 422096487.678437 (convergence en 995 itérations)
Valeur propre 14: 415786858.372902 (convergence en 153 itérations)
Valeur propre 15: 372164543.177632 (convergence en 245 itérations)
Valeur propre 16: 350414944.968422 (convergence en 136 itérations)
Valeur propre 17: 313221007.756456 (convergence en 1413 itérations)
Valeur propre 18: 309909001.864851 (convergence en 275 itérations)
Valeur propre 19: 292110068.243629 (convergence en 355 itérations)
Valeur propre 20: 278987707.914610 (convergence en 774 itérations)
Valeur propre 21: 273962840.385275 (convergence en 292 itérations)
Valeur propre 22: 259959211.285678 (convergence en 496 itérations)
Valeur propre 23: 251217366.302473 (convergence en 485 itérations)
Valeur propre 24: 243602974.066413 (convergence en 672 itérations)
Valeur propre 25: 238435756.956795 (convergence en 241 itérations)
Valeur propre 26: 224409931.828465 (convergence en 791 itérations)
Valeur propre 27: 220017829.745153 (convergence en 311 itérations)
Valeur propre 28: 209470814.201046 (convergence en 397 itérations)
Valeur propre 29: 201491126.368922 (convergence en 837 itérations)
Valeur propre 30: 198307150.925834 (convergence en 507 itérations)
Valeur propre 31: 192606873.809172 (convergence en 481 itérations)
Valeur propre 32: 187656817.365151 (convergence en 448 itérations)
Valeur propre 33: 181791101.346132 (convergence en 385 itérations)
Valeur propre 34: 176601681.632810 (convergence en 917 itérations)
Valeur propre 35: 174246260.140510 (convergence en 594 itérations)
Valeur propre 36: 169796820.200615 (convergence en 1326 itérations)
Valeur propre 37: 167886995.651959 (convergence en 533 itérations)
Valeur propre 38: 163662765.460417 (convergence en 438 itérations)
Valeur propre 39: 158428212.387664 (convergence en 383 itérations)
Valeur propre 40: 151045201.813661 (convergence en 1316 itérations)
Valeur propre 41: 149510776.329654 (convergence en 1221 itérations)
Valeur propre 42: 147815899.620670 (convergence en 1804 itérations)
Valeur propre 43: 146831135.951991 (convergence en 415 itérations)
Valeur propre 44: 141828177.035524 (convergence en 779 itérations)
Valeur propre 45: 139030470.433280 (convergence en 1308 itérations)
Valeur propre 46: 137582644.087587 (convergence en 2478 itérations)
Valeur propre 47: 136898291.796730 (convergence en 642 itérations)
Valeur propre 48: 133592009.396972 (convergence en 719 itérations)
Valeur propre 49: 130794512.665883 (convergence en 2193 itérations)
Valeur propre 50: 129818883.878300 (convergence en 842 itérations)
Valeur propre 51: 127741064.096420 (convergence en 448 itérations)
Valeur propre 52: 123496522.843860 (convergence en 1115 itérations)
Valeur propre 53: 122225426.656616 (convergence en 1504 itérations)
Valeur propre 54: 121045108.093828 (convergence en 658 itérations)
Valeur propre 55: 117552398.551910 (convergence en 2004 itérations)
Valeur propre 56: 116715466.249571 (convergence en 636 itérations)
Valeur propre 57: 113857323.961468 (convergence en 10000 itérations)
Valeur propre 58: 113806171.947141 (convergence en 734 itérations)
Valeur propre 59: 111493715.248408 (convergence en 770 itérations)
Valeur propre 60: 109818046.565584 (convergence en 1669 itérations)
Valeur propre 61: 108906386.352100 (convergence en 622 itérations)
Valeur propre 62: 106594309.856718 (convergence en 713 itérations)
Valeur propre 63: 104532971.999146 (convergence en 4106 itérations)
Valeur propre 64: 104235926.212529 (convergence en 2335 itérations)
Valeur propre 65: 103710361.024956 (convergence en 719 itérations)
Valeur propre 66: 101409142.954646 (convergence en 591 itérations)
Valeur propre 67: 98749450.644260 (convergence en 2061 itérations)
Valeur propre 68: 98057898.194296 (convergence en 1398 itérations)
Valeur propre 69: 97002336.087816 (convergence en 935 itérations)
Valeur propre 70: 95803921.348156 (convergence en 844 itérations)
Valeur propre 71: 94220051.790641 (convergence en 1585 itérations)
Valeur propre 72: 93328426.527175 (convergence en 1290 itérations)
Valeur propre 73: 92295824.018445 (convergence en 1287 itérations)
Valeur propre 74: 91097356.741062 (convergence en 1621 itérations)
Valeur propre 75: 90445349.070690 (convergence en 1896 itérations)
Valeur propre 76: 89894170.898465 (convergence en 468 itérations)
Valeur propre 77: 87508185.386349 (convergence en 1050 itérations)
Valeur propre 78: 86188552.189110 (convergence en 2165 itérations)
Valeur propre 79: 85700097.893404 (convergence en 686 itérations)
Valeur propre 80: 83985845.733020 (convergence en 8751 itérations)
Valeur propre 81: 83850161.013306 (convergence en 894 itérations)
Valeur propre 82: 82630690.103401 (convergence en 951 itérations)
Valeur propre 83: 80871589.534964 (convergence en 2114 itérations)
Valeur propre 84: 80224915.390971 (convergence en 1923 itérations)
Valeur propre 85: 79654507.864096 (convergence en 778 itérations)
Valeur propre 86: 78085448.456968 (convergence en 1042 itérations)
Valeur propre 87: 76958251.957642 (convergence en 1285 itérations)
Valeur propre 88: 76207488.891259 (convergence en 10000 itérations)
Valeur propre 89: 76159138.606026 (convergence en 765 itérations)
Valeur propre 90: 74820914.840546 (convergence en 3308 itérations)
Valeur propre 91: 74530185.975084 (convergence en 1123 itérations)
Valeur propre 92: 73807327.254551 (convergence en 918 itérations)
Valeur propre 93: 72702764.672290 (convergence en 2885 itérations)
Valeur propre 94: 72329658.639750 (convergence en 2932 itérations)
Valeur propre 95: 71947971.215962 (convergence en 693 itérations)
Valeur propre 96: 70315372.759960 (convergence en 1012 itérations)
Valeur propre 97: 69410328.770858 (convergence en 4031 itérations)
Valeur propre 98: 69202535.198053 (convergence en 1342 itérations)
Valeur propre 99: 68456830.002084 (convergence en 1616 itérations)
Valeur propre 100: 67857670.826162 (convergence en 1703 itérations)
Valeur propre 101: 67328588.143353 (convergence en 943 itérations)
Valeur propre 102: 66237339.385551 (convergence en 1905 itérations)
Valeur propre 103: 65592116.270935 (convergence en 1881 itérations)
Valeur propre 104: 65146522.281967 (convergence en 1282 itérations)
Valeur propre 105: 64404306.110554 (convergence en 2160 itérations)
Valeur propre 106: 64008078.703950 (convergence en 2032 itérations)
Valeur propre 107: 63600992.869524 (convergence en 2179 itérations)
Valeur propre 108: 63193335.704614 (convergence en 1104 itérations)
Valeur propre 109: 62393851.472360 (convergence en 1691 itérations)
Valeur propre 110: 61911631.990907 (convergence en 805 itérations)
Valeur propre 111: 60794035.220636 (convergence en 4563 itérations)
Valeur propre 112: 60643125.924590 (convergence en 4857 itérations)
Valeur propre 113: 60464841.141331 (convergence en 899 itérations)
Valeur propre 114: 59488655.492284 (convergence en 1083 itérations)
